403677
296543
67593
556484
695850
12968
44056
1093141
1156394
159749
2880
1284355
1317065
1317066
1317063
1317064
4792
4792
4792
4792
112090
157072
72520
944170
325452
325452
114742
65357
4792
4792
478820
325452
2483409
325452
325452
325452
635003
74557
1202772
112090
4795
1519565
2315210
4796
29920
157072
112090
112090
112090
112090
112090
112090
112090
112090
112090
112090
542832
542832
542832
4779
4779
1027361
1027361
41045
41045
82926
82926
1485010
33653
33653
33653
33653
53985
129364
53985
129364
53985
53985
53985
53985
53985
53985
53985
53985
129364
100861
120398
112090
29920
4787
1714386
4787
4784
29920
29920
29920
29920
29920
29920
29920
29920
29920
29920
29920
29920
29920
29920
29920
53986
53986
53986
29920
29920
29920
303371
4785
2496075
29920
303405
109152
112091
164328
164328
44056
44056
44056
542832
100861
100861
100861
426638
210448
230839
4787
114742
114742
483370
483371
2872254
4803
4785
2483200
2962635
2557542
2077276
1490495
1714387
1606542
1606541
722753
2962637
267567
4793
44056
44056
3128534
3128537
3128533
3128536
3128535
478820
65357
4781
183589
120398
867726
568900
35677
622444
134698
2874970
622444
2856
542832
134698
162125
86335
1535356
1535362
5855
36329
73239
5874
5851
423536
441375
508771
137071
507601
57267
432359
57266
353152
333668
484906
5888
580058
580059
312017
572307
5807
5932
110365
935652
933077
943118
943119
943167
1074872
943122
1130821
99158
1077284
1033975
1035515
1035514
1120755
1130820
1537102
5843
1237627
51315
5801
51316
5802
5804
51314
44415
1323249
1036723
1036727
1036725
1036726
57270
5835
1036724
1237626
138298
1133968
54757
1172189
5854
869250
5949
88456
5857
5866
1169540
266149
237895
93969
237895
5854
647221
857276
117008
2951
462227
5850
77519
237895
94643
483139
5843
189622
68886
68886
2494336
1280935
756076
310047
515981
5843
5811
32597
32597
32597
330153
32597
32597
83540
5807
476202
2853593
73239
5869
5824
5871
195482
195482
195482
323732
33632
2138604
5807
659607
93969
31271
5823
5861
5861
5851
5851
85471
5849
5821
5821
864142
864142
864141
864141
5858
5858
36330
36330
5858
5855
5855
5855
5821
31271
5826
5821
880534
31271
5826
5821
880535
5854
880536
647221
720590
720590
54757
2600580
119398
138297
138298
5860
2202890
5886
65129
43137
43138
878477
631055
230985
1519616
2952
1628268
2951
89957
89957
1481888
5855
5936
2562237
5855
2562239
2562239
2562239
89957
1381693
1381693
46433
641309
37360
1928728
2184066
126728
2844372
1215613
3702
3694
4558
29760
3659
81972
3847
39946
4577
39947
15368
88036
39947
3988
3702
3880
4555
29730
4639
3821
3760
4572
81985
3641
981085
192259
13333
72664
85681
3885
4155
3562
3555
4072
57577
71139
2711
180498
105231
3848
50452
3708
60419
29729
3726
4639
29655
3914
51240
39947
59895
472368
906689
79200
888268
1480154
3702
3983
4615
4182
3900
3871
4686
49451
4639
4639
3775
210143
93759
4232
56857
22663
206008
4565
33114
80379
218851
429701
1088818
22663
4236
55188
58331
3476
63057
3634
3634
2094558
74649
1590841
3197
4540
1504633
35608
4577
267555
69181
69181
69181
69181
157652
69332
3711
3880
97028
337451
3469
3818
262757
3917
4530
29760
4513
1094858
3750
542762
3818
3848
39947
608512
157739
455371
180675
52838
110450
43335
4556
47621
1194695
1194695
4083
106335
106549
176857
38414
2594499
34276
3635
34275
34277
1000413
13894
3755
4170
561372
3634
2448454
2182728
192012
4460
262921
3870
39947
4045
1480154
3870
3981
544730
4072
4072
419125
3847
3728
3483
3483
46969
458696
34281
29730
34289
34282
34290
34288
4442
34286
34287
34285
34283
34291
39325
56867
3847
3847
3847
3847
118357
3848
4432
165716
13818
362788
360336
3225
3225
374723
13715
1010633
261450
1413687
3696
4558
99300
51239
51239
52824
3914
32201
38727
1278906
1813537
4076
479676
4109
94328
32201
32201
32201
37648
118781
1240361
45249
103762
586722
168488
47600
151328
608512
34254
29808
158543
161865
4113
4113
4113
4113
49495
3708
36596
47602
3847
152421
714518
99658
55571
229202
3755
53036
191504
128215
39905
2711
2711
2759587
167791
94219
120290
114280
13427
4217
185202
74823
215227
357466
357465
74822
320322
119954
4513
3888
3694
4058
1042139
4212
1840588
49168
880440
4023
301880
434235
434234
71354
4232
4232
158149
325984
4232
4232
4232
4232
4232
4232
485725
2022672
198213
13579
2019903
2790670
155640
906938
218843
38846
273540
1278906
1278906
1278906
889485
34168
29817
40686
444605
77065
444605
444605
2511006
32244
171969
4639
402998
3435
1862640
3981
347529
103349
183268
3369
3899
4024
29760
55184
4465
360622
13708
4024
4521
315347
3899
191504
168575
112253
1293975
43782
150966
3494
499986
4628
2727404
300844
243964
160366
3512
50273
236973
22666
4023
3641
79078
29729
547442
3641
3641
3641
3915
147425
194707
1480154
1480154
3830
3891
3886
3824
43366
3635
183260
183260
183260
3708
1480154
2320716
2320717
3103831
152367
461633
152371
2935761
2935761
63359
3572
425828
59490
4565
2727405
2727403
2727402
300843
34254
3656
52824
52824
117978
3635
228776
542762
378228
28513
3818
4039
520843
126358
205694
3847
41844
338654
3847
62892
49390
4567
132261
4565
3711
3755
586526
3702
51605
3702
68872
158383
1685480
51605
36596
36596
3702
422564
3708
38785
13288
56036
75947
29727
59689
41803
186058
586396
2996821
2996811
3014308
3014309
3906
3014311
3014310
57577
529605
75948
92480
185542
3860
77055
4442
4442
4442
128251
128251
128206
252529
128206
3873
586398
240449
3888
36596
151428
213591
228183
214685
491892
491892
81970
114194
280699
130081
2769
2786
448386
35688
2788
2690220
172961
130081
83374
2690220
3028027
2771
101924
683352
3055
296587
436017
3068
554065
564608
70448
574566
145388
1291522
3075
36881
33097
70448
41875
554055
3076
3046
1157962
47790
307507
3075
1764295
2608996
44745
2650976
2742167
41880
1653778
2026947
51695
47281
1650286
1650286
51714
1737510
1737510
2315456
47775
1764295
3077
2649997
39955
2696299
2696299
44745
330485
330485
330485
51714
3088
3088
3041901
3111
1470871
1470871
1461544
381761
904363
2026836
41462
706552
248742
2905653
2905655
2905654
2578422
2578422
3373144
3373145
121088
765719
1274662
1274662
1965095
185431
347515
420245
435258
5762
5693
5693
679716
5661
1055687
1068625
929439
85056
28005
59799
429131
1416333
479712
71804
5679
223615
1314962
157538
5684
5694
75058
67003
85057
5693
5693
51637
630700
5693
5693
5698
83891
5661
5661
5661
5763
5689
5693
5693
5693
5663
1580590
2249476
2803181
2802991
2761500
1808958
5699
5699
715481
5660
1008807
91374
653362
5680
5678
5680
651832
5671
420245
5661
59799
347515
5678
651832
653362
5680
5680
5741
412133
598745
658858
348837
5741
5741
1394984
2049356
1144522
797122
5742
222440
201153
135588
135588
2918883
412133
1746091
342808
1746090
1746091
2049346
1915356
2654837
28002
