5855
36329
73239
5874
5851
423536
441375
508771
137071
507601
57267
432359
57266
353152
333668
484906
5888
580058
580059
312017
572307
5807
5932
110365
935652
933077
943118
943119
943167
1074872
943122
1130821
99158
1077284
1033975
1035515
1035514
1120755
1130820
1537102
5843
1237627
51315
5801
51316
5802
5804
51314
44415
1323249
1036723
1036727
1036725
1036726
57270
5835
1036724
1237626
138298
1133968
54757
1172189
5854
869250
5949
88456
5857
5866
1169540
266149
237895
93969
237895
5854
647221
857276
117008
2951
462227
5850
77519
237895
94643
483139
5843
189622
68886
68886
2494336
1280935
756076
310047
515981
5843
5811
32597
32597
32597
330153
32597
32597
83540
5807
476202
2853593
73239
5869
5824
5871
195482
195482
195482
323732
33632
2138604
5807
659607
93969
31271
5823
5861
5861
5851
5851
85471
5849
5821
5821
864142
864142
864141
864141
5858
5858
36330
36330
5858
5855
5855
5855
5821
31271
5826
5821
880534
31271
5826
5821
880535
5854
880536
647221
720590
720590
54757
2600580
119398
138297
138298
5860
2202890
5886
65129
43137
43138
878477
631055
230985
1519616
2952
1628268
2951
89957
89957
1481888
5855
5936
2562237
5855
2562239
2562239
2562239
89957
1381693
1381693
