3055
296587
436017
3068
554065
564608
70448
574566
145388
1291522
3075
36881
33097
70448
41875
554055
3076
3046
1157962
47790
307507
3075
1764295
2608996
44745
2650976
2742167
41880
1653778
2026947
51695
47281
1650286
1650286
51714
1737510
1737510
2315456
47775
1764295
3077
2649997
39955
2696299
2696299
44745
330485
330485
330485
51714
3088
3088
3041901
3111
1470871
1470871
1461544
381761
904363
2026836
41462
706552
248742
2905653
2905655
2905654
2578422
2578422
3373144
3373145
121088
765719
1274662
1274662
1965095
