498019
4909
36914
573826
296587
2315449
226230
226126
1268659
796027
180528
1514897
223818
2020962
2070801
72144
1296100
2545709
1295531
1296121
564305
1295534
1296096
1734106
45286
48254
13502
279322
1775926
1821822
76774
948313
1821823
253288
1381934
559292
6239
29760
660027
2711
5059
332648
4952
456999
1003335
347515
101201
63577
5861
37727
280699
230603
1159556
573729
3088
208348
36651
1069201
5007
76775
122368
5147
1296109
182096
5515
877507
473130
5128
5454
59799
500148
284811
869250
4628
34406
47278
195108
1764295
27293
5516
5499
378228
145971
2747967
1220207
48095
2060973
50376
55194
1859122
1365886
307758
1423913
578455
2792576
1491479
121627
95742
143232
286661
54757
42260
6039
1461544
27294
38082
1491008
63378
215465
291208
148631
150365
566037
3081051
1381935
5478
284592
27288
4956
27291
4950
559295
294750
1071382
280036
1071380
1071383
1071378
3702
4896
237561
214684
227321
1480154
4567
644223
5661
27292
1279085
588596
79200
3899
38785
367775
3915
572307
7109
27835
70448
1136231
104782
52283
155063
1133968
38846
284813
6277
6604
542832
2282107
5321
217165
5679
72559
153742
51811
876142
320322
208452
45354
931890
92480
41875
75948
1431903
61207
3059160
2320716
637954
653362
651832
5680
5678
5270
336722
4922
871575
1176355
1296122
1651941
1072105
1071381
1266666
1266667
2093780
2093777
7227
3847
3635
3708
4558
3880
3659
3055
330879
3760
508771
367110
3885
242507
229533
185431
8364
3983
4236
15368
556484
3694
3981
3888
4232
352472
4555
3726
510516
5855
5823
334819
38727
69781
5741
81970
6941
51240
3696
3435
4556
3906
74649
118781
3369
94328
43179
296543
215402
6238
168172
435258
191504
353152
343691
5098
3755
84645
400727
7107
3848
220873
4686
412133
168631
43335
27406
2788
148305
3914
32201
52824
27923
3469
94219
28829
49495
6661
3871
315576
34765
333970
55571
4045
34632
262757
59895
484906
3082113
4217
13288
13427
3870
54126
34508
8168
4521
248454
49451
6832
5851
1028729
333668
420245
13708
34317
8167
29808
192012
79923
322104
3891
51031
31234
3860
52838
161865
63359
99300
1080349
759273
230172
206669
481309
64152
85310
286306
240163
458696
229543
31220
319348
56036
45151
1380566
40147
1689686
261450
49168
6280
2302425
45249
55291
2015173
3512
45954
206008
338654
1278906
2880
929439
147425
194366
6185
13579
36050
355587
56733
52586
40085
433684
684658
155640
5866
8213
34506
36190
347529
325984
93969
4024
4465
40686
5854
3886
172907
8144
243964
337641
135651
74926
175797
6184
48416
369639
1421715
2182728
50273
491253
43780
100907
123683
61971
1820382
444603
36035
3225
278164
240159
4955
247094
644536
35670
1537102
114194
27788
185202
520843
33587
328185
614101
22666
53036
34276
117978
1862640
158543
32244
79012
1240361
2231603
214431
98403
94643
228183
362788
157069
683832
181124
417401
103775
13715
1572043
181762
544730
455371
4023
75934
47621
229202
5824
55184
119954
402998
323732
2761500
2249476
1580590
2604842
157070
5663
88201
266040
118154
38414
543639
1163369
245042
61616
57078
7141
245851
4779
34286
1296105
907965
1120755
3830
9490
3572
796293
2918886
27790
8729
47602
479676
667449
765133
7932
128215
62892
13818
88686
168575
2022672
40697
219545
152367
2034170
1000413
41844
1042133
1069815
488301
43782
52237
128247
363190
240449
168488
80249
348837
2448454
1840588
38744
1090488
75939
434234
32391
85471
992332
889485
126358
2511006
84702
9888
1178016
360336
444605
176857
44932
230839
30993
54343
647221
262921
34287
34285
425828
28513
152371
529605
3824
473457
30013
198213
360622
461633
13765
59473
1534307
642074
202457
2935761
906938
134033
151428
586398
6188
128190
405034
128184
128206
131215
128251
48269
51605
289476
209136
110791
39320
2609844
3158075
1328300
167791
2093779
393876
6189
108571
561372
467358
265156
2594499
6187
6186
159716
5742
5858
31246
434235
213591
74358
107213
433685
3402493
37648
1230905
205694
931172
654480
2320717
273540
34168
630683
861788
59490
122646
185735
1578925
30213
35572
1691987
52577
73274
34291
34282
34281
34289
34290
34288
34283
498257
77519
660122
431241
983964
403677
294746
33203
1036612
645133
1186058
983966
264951
655981
690307
77020
502779
619300
1036611
91928
1387563
698492
84753
1160497
869754
1316194
28565
209559
1209931
858221
669874
331117
425265
1442370
759272
1116229
1448322
984485
436907
1220188
121624
1187904
348802
91492
212818
569365
1754191
1209917
1754190
101096
253628
2940390
5088
1754192
1198502
1041607
703756
1295533
1442368
441959
90255
344612
1442369
767744
1279043
767769
763406
1448317
591952
1295528
1448310
1450537
653667
1448315
671144
1448312
85995
1509407
1408163
766949
1314789
1447872
1170767
1392250
1392255
101107
64631
326681
1141098
1304137
1788519
1078765
64574
1635080
2486360
45792
215250
717646
1927788
497108
1043004
1664694
419775
5210
1450535
90267
61395
4864
1125753
245834
1448314
1337062
497109
1043005
1396493
1182541
82268
1245769
1448311
64571
1182544
1448321
1569628
1280837
1220924
41759
1182545
2656787
390896
1448313
1658444
176160
2614577
1450172
1806994
1392245
1182543
1684307
110093
1080233
176178
1382522
101098
1328760
2732419
1299270
1810916
176173
1810928
681940
64656
1034303
1448319
210207
318751
1365824
1448316
1314786
236234
254056
1810929
1546026
1034304
41761
1450534
986946
109264
470096
2211651
1173702
301207
56871
1810919
1810909
1810905
1522189
41742
44089
984486
161662
1506149
392036
41725
1775924
1506151
1073090
574789
383834
984487
714993
1392243
3039483
2060905
1316788
497107
482145
326643
1825620
688661
1150837
1810910
41062
1216348
911321
1226010
1037660
1176127
1314773
1810925
673940
1500509
176181
1810923
61420
561895
89139
41743
1938954
1858805
5460
58627
138285
109932
61414
1052880
1938712
1450529
1306861
1485682
1673888
979620
223376
304332
86630
145388
2078593
417177
173218
176166
1448318
1450541
1392246
983967
1447943
1448320
1344416
1513339
1314670
644358
1324776
1882269
1792511
138277
1337664
335848
1882272
335849
116970
2606893
41462
911720
2019550
2905665
87229
1672016
2773714
1463999
2773715
2773716
1187928
297637
232088
1187951
139641
430562
45303
1690608
2872254
566460
283354
3151832
1187925
1690606
1851006
181014
1507870
1851511
1835702
2898453
381761
574656
1378263
856822
1187938
342668
522358
706552
1912982
155416
2606854
106002
2604345
2582783
303347
1567544
330535
1134077
1447883
1424467
113626
78861
1540922
1126955
5481
48507
1567541
52247
155417
1912983
47803
2364996
1567539
2828524
1873369
78864
669021
417184
48495
1649128
1649127
1347390
1208366
1759441
2026836
1649129
2070753
78921
1246581
1814901
2761396
2831512
225406
2588717
2496075
1485946
1213189
329884
1490495
1912989
1131473
331657
1955775
1486343
2654861
979699
1938578
1286918
1286919
68401
542762
655819
5693
312017
90988
5599
169388
1130832
294381
5322
474922
665079
341663
3077
3046
983644
6279
5353
1043002
36596
6326
67593
5076
240176
44745
5480
158441
4155
72228
559305
6210
27334
72664
280463
1227346
6943
2652724
756982
683960
5530
5888
1213859
578458
665912
1257118
9995
6706
58331
29655
6999
50429
92637
36911
447093
6192
45133
46731
246437
655844
660469
1340429
761204
81985
85681
74873
77166
515849
684364
55169
164328
29920
5022
402676
702717
93759
133901
5068
4785
121224
413071
858893
1093141
6287
6573
132261
44056
286706
29833
246409
671987
3068
664439
1089451
9407
30415
28995
66713
5763
282301
130081
3075
6523
9402
374723
1172189
5082
12968
1043003
1408657
670580
554155
418459
34880
6211
6954
97331
5077
38448
1173061
906689
981085
99883
554065
5016
5699
5762
246410
486041
321614
306901
1397361
717944
1213857
602072
31869
61284
5467
105296
35688
86838
1594786
1174673
150288
1341132
34254
27357
36987
947166
3728
6313
30991
5932
1144522
128390
7385
69332
8665
29924
5418
105696
40302
39416
747676
370355
930090
1314785
1313167
183260
499986
3873
56646
4639
2902605
106335
273372
1174677
870730
148989
29204
58853
218851
294128
32597
48709
210143
2951
183589
5801
4781
7209
472368
56216
27828
259542
710243
574566
460523
5541
292717
91625
655863
794803
763407
578457
595528
663331
559297
1305764
1081104
1027361
109678
57062
51298
420089
690259
64609
192464
56867
5078
158019
5417
422564
3111
51915
407009
1357716
88211
104259
34615
1460663
174260
48140
27915
82926
4850
10228
1051616
30457
1973307
9234
13291
105231
27845
42249
34504
6198
112090
946362
307492
94827
188379
240206
53326
121530
283909
187382
5804
6265
166423
152421
68872
61180
178872
156630
692275
337075
732165
644352
905079
483514
1109443
1069680
857342
383855
578459
510951
502780
392613
423536
1108849
1328754
914234
578461
37176
36656
40658
111463
5074
35677
1209932
60172
874455
36200
74498
946125
6347
749465
307937
48865
175774
261658
215227
6984
2609070
175788
563466
6337
1214568
100861
454130
1196081
92692
2081491
38457
1209918
137743
34631
160864
2512241
33653
265104
47425
1538125
613905
55514
266149
270547
1070780
91374
702382
42251
7054
44316
797021
561572
225164
1670608
307507
185542
2856
5288
103372
123851
387005
34470
64517
568900
54971
53468
299642
50402
4170
68888
311356
5849
51315
9233
8897
188477
99802
30419
36275
176057
188344
57421
54380
54383
5643
182803
97097
54374
9238
279965
36300
57068
29930
70226
4076
75299
48723
945690
51022
40135
45464
5936
708070
221103
55181
441375
764103
1229662
645134
694068
5684
100784
175836
5949
698441
747525
1073089
1408658
1230383
1133049
578456
930089
1069443
1263415
695850
29727
667725
370354
2795749
1081108
1077348
1353009
1163406
765440
946122
708437
183268
160366
27622
88029
59472
559131
135627
2053667
708197
358040
60171
1157608
335852
990691
69766
1859967
5046
6207
121402
420778
5871
139825
879819
40442
310910
84607
1325616
3140254
47429
61186
1209916
64524
239206
4972
104759
595635
426638
390850
143900
1914213
798071
1010633
301713
1391043
38492
1317129
47721
258253
86259
105984
211096
94130
1079257
2075069
120017
34475
1517512
495285
269767
1890683
109895
215243
1671311
439312
110526
200917
222702
980116
2585209
13131
114810
135588
178870
2754530
71905
1929756
418784
97359
398673
75553
45513
63699
48579
1209934
64641
1441469
42375
151549
48563
857276
326644
656916
40450
51637
326684
34485
132259
293939
721885
1500003
71967
183478
101091
869390
448386
114818
9715
61221
101117
505711
108892
249248
1573173
2082293
2786
71933
9009
1884261
157538
348617
79643
91930
341454
5383
741275
108018
50990
3775
647257
50956
937743
585594
419125
1194566
2740835
1052685
9678
97972
334426
48021
373956
337173
2769
8832
98765
2447956
1157962
614051
5963
147828
57439
83376
5786
279966
221518
1348612
167371
56068
2585813
308745
44941
56857
495550
1202772
602034
1169540
1670756
157072
59557
85066
13245
57397
35722
1819745
30455
979670
56262
136037
301880
597456
483139
658196
84603
76405
345573
286115
64525
135208
371930
468837
43455
225400
34720
110365
102285
157183
669202
1348599
888268
27381
9083
109957
40210
34480
69463
691883
212602
6269
62708
44415
40348
71465
2888765
105351
1392256
51156
13706
1397322
1095630
329879
913774
1168221
111012
76867
1328758
765915
1286976
1388766
535722
158046
1149848
930990
663202
650164
703135
670483
763665
988480
13746
1076696
796925
228776
1408161
559298
944288
1314790
1447944
1043628
1043627
1314674
336963
1400700
930992
745531
578462
933852
1758121
1051891
632084
1714386
171643
314037
252184
1954250
74035
314043
260671
92902
314031
260670
60889
230812
2675880
92897
314040
94610
1854479
669026
516989
330526
1854472
5083
588809
1247861
84275
1195189
47430
51714
152316
63214
153910
1398154
2030778
47236
267555
1915356
181172
83679
1682393
1914294
86545
186058
1187941
112525
1140402
330485
748121
314023
1130410
352851
103428
64368
565426
1131652
230804
45607
989973
1964551
1892770
147560
1954473
80388
28548
56493
39325
560253
189622
2493646
2804962
2478900
64632
526243
256645
54128
2781224
259368
330517
2732470
359342
1033242
54092
1392248
1504668
394676
858877
1079267
47775
181461
47205
2049356
37468
485725
100035
44442
90262
370345
153919
1033008
326645
1174678
1738132
670386
554055
153920
61495
230806
326626
152965
1576542
700344
1265417
1243177
490159
4999
2182807
60185
101130
5901
278026
43433
417178
152308
101142
49969
4793
380012
54550
117010
562976
1117335
153913
571087
300843
1045383
1033247
230801
153914
1851185
99116
196109
526244
101103
48587
112416
2136021
2690220
1940300
2016321
1168544
160517
192010
139406
690887
104408
61397
382530
936130
327061
1750568
109897
101127
5632
2136032
1033014
743114
152958
390894
48589
101105
1758874
5869
715481
220801
326657
1111950
743287
116603
1851187
1033281
703497
1442371
231223
659607
326647
310047
1912939
48588
1469910
56418
101123
2804957
622444
2698477
109936
326656
1610689
114800
64522
230809
103762
1093900
149040
42067
40482
114814
205761
1912936
110547
318479
2482753
1033252
101115
741276
127956
109894
1033282
114812
1745969
575983
469274
48568
103429
1810926
2686198
378194
48578
1904413
111878
326622
329046
65468
258981
1250369
41067
1209926
743302
1182542
1450539
1093897
2060934
342808
1882483
2066989
1810906
416441
1934379
1314678
1081103
1805483
111137
55810
1033263
515981
109381
28002
1354746
112498
139407
1048955
83374
1913371
2562237
741705
64509
79627
109635
55544
64802
58919
71784
230810
48586
1450536
178871
1740625
29922
110534
48574
114808
139415
178035
110081
1410327
561989
1837270
112417
1491466
1883080
517384
41757
378275
48592
1344418
703511
376703
1231657
110548
492091
5364
230808
230807
2587402
41731
2074819
202700
323540
176169
477509
206335
98861
237438
190295
47213
254539
41210
1932123
2829415
109372
378272
665665
450177
89957
156170
6336
9132
682080
40490
64648
578093
2873325
34407
172961
2585810
2735509
175120
265632
886606
4840
141832
881290
449594
2126942
1912932
117008
254448
139077
34956
1955266
1250544
64523
67723
667154
113115
179855
184978
2175906
27342
1907521
1245748
1195481
979223
92683
54059
1883072
6335
254552
281842
461245
37081
266360
48396
720586
28713
667186
181099
670337
254446
360224
342381
458196
756607
37079
68775
41047
75869
85971
461220
239386
111141
369605
2585812
1555241
99882
73230
195482
230819
171480
85980
1250372
47692
595255
1118748
109636
1118817
419690
107208
33598
254575
38397
279518
79626
1088818
626378
1432307
50251
254528
1118519
1118560
118793
1094350
160053
449384
147558
2072580
1160894
71964
447248
73330
461239
114331
114276
886794
161653
181839
720584
441696
113614
1932122
252798
47695
137541
48144
40481
117179
101475
243059
290292
135168
381031
495162
45428
48278
545262
36643
64659
202257
117165
125297
105785
48593
54356
670423
269412
135441
56343
175529
979765
449367
64278
74200
239371
312124
932028
54359
325343
90253
159581
113071
463165
948595
79633
706981
63057
571890
182897
54369
89386
8851
1763456
4814
103956
198940
64791
56311
66707
993615
366454
156561
42442
370292
8947
240201
485427
1132860
454923
1112836
36058
2585814
48561
147472
161649
2585822
33601
2529409
97098
2585816
456388
48569
1008807
9163
1277687
135165
230686
30388
287016
667144
382532
516756
381881
670356
133409
48435
72124
175131
2585815
181527
37042
1463675
176938
9176
221966
1237626
357074
1343610
36881
215637
417176
54508
1977171
1156394
246404
58203
4874
471704
85069
1961834
311239
79653
144406
2059318
670355
7232
109889
1218682
100268
589841
109478
979702
78915
176039
64508
364589
337179
317549
67003
979688
181101
81907
41804
75058
33097
979697
101097
520822
237442
526221
6290
447962
1037528
74557
55340
2663907
194682
317792
994334
71804
4829
1907219
98133
519963
72359
6205
27848
135184
689266
79078
254563
4795
797122
51314
146866
192259
74823
1712513
979761
2918883
1081669
51028
2789366
1897645
1440133
2585811
299467
278681
60516
637853
3371016
60175
1168546
273131
63383
1353007
337451
1314675
1149755
1408157
1314779
1392251
1296120
1276136
1340428
1314669
1128425
857566
1450538
326617
1314777
1330018
1160509
1314788
1346257
1457513
1314783
1314787
138288
1176131
2052820
1081109
1336337
1051890
1314780
944289
1395130
1003232
1081102
1302712
933084
1314776
1314782
147567
1168545
1353952
1314799
1328756
1448309
1314806
1314784
1314801
1314677
1314802
1314807
994086
1314778
1283841
1314781
1400762
1314800
461836
1314798
1095629
559882
990650
5698
1198029
930991
1457509
1288291
796250
3231064
213953
597840
41803
597819
300641
536013
468196
1746091
597843
293665
151541
1961234
320188
465554
2972122
293559
60134
29845
77055
48697
268346
2654633
1002107
110799
30214
335842
1191159
280406
2733690
1303715
83186
933095
176176
1337665
345717
1215731
70099
2126181
40994
1825666
1131581
168475
1167516
7453
69791
189055
1850975
46732
63821
1561947
1932322
2728915
3151616
2100454
1562058
1131564
1926264
2972123
47235
36646
203109
63820
70096
69789
303699
1132637
416450
135666
1080232
303405
1209068
1538716
2954835
94218
1343394
1562060
5520
1903569
2819901
126998
1506179
48710
101924
1419009
1303443
1325293
139639
104357
1209925
2509291
48097
1965095
112091
2601811
278942
585030
1796055
1603062
148097
1274662
150966
43959
119953
1690604
2528406
194707
1442378
167740
201217
2528407
586396
658473
2578422
353542
1737510
1531966
181017
2138241
160281
1227364
1367422
300844
184061
798079
51695
2862362
904363
220672
289078
2939407
880440
1586481
460853
3342545
708192
117065
2026947
683352
386627
2596975
574655
361077
2478750
1481888
936078
2767002
1042139
2664684
166442
3383038
3383036
69785
86804
117174
1016849
1496277
1424756
2777116
2874060
2874970
86802
1163567
749835
2031085
1567552
2024903
303371
2939410
89922
153505
47281
160290
2494466
2682957
2107226
2885761
53992
373712
1130053
1586634
2478898
386267
191047
41990
1237075
565419
2018698
116821
329885
1690605
286406
96644
53620
1937702
86971
150792
1940652
1397036
1052528
90978
2486642
2727404
1746090
438768
2771
2918520
2727402
1453791
86028
1260050
1095194
467808
1052096
241526
171969
1507867
297713
201153
157864
1849047
2727403
685502
749634
29817
1508187
1340010
13268
702011
197659
2562239
2727405
28760
878477
2082308
223429
91480
138064
182062
223409
56874
43137
138068
1685480
134698
1293975
357465
261694
1612424
1048519
254877
7266
2939405
1145322
856260
1836956
706561
112253
1769908
506608
61262
177199
129515
1805982
273283
43138
1812306
200324
671064
162125
400354
382380
34357
39955
1086352
2939406
1109041
460848
1116844
100452
2732573
5886
323545
117547
45579
443868
1002370
138065
756076
1559511
1590118
213866
209281
1843537
2587418
2283857
2918522
1789683
1301418
1590122
2049346
210430
259834
1131562
3028027
2939412
1403191
321852
2823264
42677
610337
2664923
1453797
42747
172621
1808958
89951
1325734
261697
2848634
231269
708187
64504
2839758
2704026
28549
1892477
2483200
315204
2419934
45134
148309
87230
568069
340414
268474
2917767
1453798
751941
1145348
83540
2301244
1323400
408593
864142
1215361
75947
289240
2939403
74830
282569
252190
227182
254652
1536484
914238
2953425
48485
278948
131363
1590126
990121
28724
2939408
979145
1347786
1447875
56676
3383035
1890364
278943
268475
5539
2025994
357466
261099
1105319
2041049
392032
1445009
64505
45882
345258
191816
679940
172846
241081
2874296
54673
1453789
65129
2655010
2175907
1623583
2010991
2517240
210448
1867034
312200
91405
318774
1419345
86546
2039875
3235156
259994
92688
2587417
89174
2903223
1303716
3103831
261098
2588326
979708
90408
42672
174425
88771
321146
240729
1286916
114369
161742
96803
78217
44412
77046
27317
52622
227226
1230097
2249482
254557
1352770
576137
1111947
79813
669869
1903189
176943
121088
357750
363769
1209924
2848635
339359
154538
60458
1912981
169141
74822
237420
425643
278940
68497
28573
382360
1457511
68486
110676
163118
2039874
1399860
243888
595503
1325733
27506
1736662
3150915
172689
371919
227184
2316362
1294629
92696
218843
38038
142471
38488
79018
874463
476202
1606542
1590129
240209
1118524
1606541
51543
2796175
93625
2056292
2585820
2934178
946123
73333
227228
519541
3476
2485327
190048
1453799
104778
1095465
201329
448051
293382
53986
1463973
1053134
160984
1069075
1294630
57240
2495534
278944
1343614
1923975
135589
2077276
2175873
458190
118183
135972
39905
43316
113226
28697
429701
164576
599839
2585818
322582
69355
1381693
12942
1316785
83212
2747483
43985
227192
1347389
392033
1580589
2478892
9252
94208
2018661
2939404
57161
2905939
470340
2075419
2715315
5041
330153
73327
104178
208069
48426
302527
231916
433720
254901
399045
141839
56174
181874
120398
354080
2649997
117070
215460
2038154
117018
1923959
1301586
382315
671929
1301336
205917
722753
1330021
247652
5466
164912
91767
1081671
5857
56067
69181
442469
115618
1774096
2588716
33584
520572
1352834
1460289
54017
1237068
585013
2004952
1213867
1498855
1316786
144538
1396496
2779863
45235
268505
979690
2789359
574774
117069
2060906
1517983
2905937
602035
56408
109884
34612
208331
621737
297813
208324
133412
752674
460854
62069
96774
33581
208326
243211
208336
1965070
133383
144539
2735257
984092
79628
208358
123648
390723
150877
87287
318763
2650707
2761399
245048
110536
83891
418985
1806559
1052879
2761393
1108764
33524
1234261
291195
262315
225359
1126814
1628268
79252
979712
230685
604196
52883
1117311
148818
401625
144530
979673
1433469
1117310
2724999
165561
1485010
83296
91626
265491
658444
520571
91796
5694
27376
215461
100269
180088
1301589
1348616
61424
133377
47790
51564
1844966
2761395
103954
1520584
2184066
51565
279532
1979941
51576
1093978
94023
388810
334625
144679
4866
530045
222440
85575
1316150
27349
1604274
60492
395501
530044
241478
2962635
1507873
46969
46433
98144
93489
2663919
2844372
2557542
133385
160502
288439
51567
4868
133381
2724196
586526
42155
117903
126728
59785
6958
97028
31271
28985
77020
4932
4932
4932
4932
4932
4932
4932
4932
4932
4565
9940
5476
36329
9925
61374
5207
746128
3818
3818
3818
3818
498019
498019
498019
498019
498019
5478
5478
5478
5478
5478
318829
5518
5518
5518
2711
5059
4911
4911
981350
347515
5661
5661
73501
73239
5480
5671
5807
5807
4039
28985
36911
36911
36911
36911
36911
230603
230603
5037
447093
544711
3088
208348
1069201
37769
29875
443226
1331945
101028
1080349
1080349
45357
122368
237895
1165456
6035
36050
68886
68886
1034331
1764295
5499
5499
5066
1230383
436017
2163413
1470871
120017
1470871
27973
27973
58839
138298
48254
5208
119398
1423914
2770021
2770022
2770025
2857486
170446
279322
279322
279322
170446
3040995
2770023
3031751
2138604
235443
31870
425264
48703
3702
4932
502869
468558
1220494
1220494
1294317
1293430
947044
1294308
1294331
1294348
1294332
1294339
1294325
1294354
1294306
1294379
1294338
1294349
1294355
1294377
1294327
1294326
1294303
1294367
1294328
1294310
1294368
1294375
1294343
1294383
1294371
1294385
1294312
1294359
1294365
1294345
1294304
1294350
1294330
1294324
1294376
1294323
1294362
1294366
1294360
1292971
1294381
1294358
1294311
1294329
1294321
1294307
1294386
1294342
1294380
1294382
1294322
1294346
1294356
1294363
1294384
1294337
1294344
1294334
1294336
1294374
1294320
1294387
1294357
1294335
1294319
1294351
1294333
1294370
1294347
1294318
1294373
1294341
1294361
1294340
1294315
1294388
1294352
1294305
1294313
1294353
1294372
1294364
1294314
1296266
3847
9940
9925
178876
3818
498019
679716
5059
1480154
1480154
981350
52904
3641
3917
665079
1276537
1276538
1276529
1276532
5127
5127
5127
6238
6238
168172
109871
6289
101028
97485
321614
62690
547442
315347
2918886
45354
138297
5860
2770024
861768
720590
5680
4924
9606
9606
9606
3702
4932
4932
4932
4932
4932
889517
764099
764097
764100
764102
721032
1182966
1182967
1177187
1182968
4530
39947
39947
39946
4577
4565
9544
3847
3847
3847
3847
3847
3847
3847
9940
5476
294748
3635
3635
3708
4513
88217
9925
9541
4113
4113
4113
4113
8022
3711
3711
1813537
3750
4558
4442
4442
4442
4442
5507
426428
100902
72712
327505
660034
396571
283643
746128
746128
746128
746128
746128
746128
746128
746128
746128
746128
3818
3818
3818
4072
5811
5478
5478
5478
5478
5478
5478
5478
5478
5478
5478
5478
5518
5518
5518
5518
630700
3656
3656
35525
214685
213592
3694
3981
3888
5693
5693
158383
4232
4232
4232
4232
4232
4232
4232
4232
27337
27337
7038
1590841
215358
215358
5855
5855
5855
51655
6182
5821
5821
5821
5821
5821
3634
105023
460519
644223
328277
117187
117187
117187
4787
29729
4058
7936
5322
3641
3641
3641
85552
4432
3906
71139
5353
7994
36596
36596
36596
5076
5861
192524
215402
80765
4540
168172
168172
6210
37727
6526
271217
3755
13894
3899
44386
99658
3848
3848
157739
32201
32201
32201
52824
103349
7740
8319
57577
6645
51239
51239
29730
252598
252598
72520
3082113
13333
58934
175792
50452
101028
5660
578113
46360
158149
9886
49390
43366
8467
8467
481309
8467
586722
72036
72036
42415
45151
45151
45151
45151
45151
45151
237895
31271
31271
97479
5826
5826
491892
491892
5874
69944
77065
1278906
1278906
113544
113544
1504633
252529
34277
6185
6185
180675
439358
689277
5854
4024
4109
27787
172907
236973
47600
1611254
6184
409849
34275
3225
76066
175797
5499
5499
999809
27788
1413687
58324
58324
118357
82655
120017
120017
120017
120017
120017
88201
4023
94029
8063
488582
98403
30212
33114
57060
27790
310352
647221
2803181
2698480
444605
8439
444605
34284
7454
1160507
2935761
128251
128206
3053472
2898545
1328300
2898544
6188
2315456
39320
403063
2268382
2742167
880535
6187
2802991
1230904
720590
880534
1094858
880536
653362
651832
5680
5680
5678
36330
36330
5858
1519565
4932
307796
764098
574961
943122
5478
10029
5061
3197
1069201
97479
36050
165716
8729
498019
1450533
1215329
1215328
37727
36911
1005962
568076
128442
4903
48490
983965
1035309
675824
1333698
404692
91943
460523
248742
653446
226230
84753
1357716
698492
1357716
1173701
84754
1109443
1316194
209559
145971
1342318
40381
1810908
656917
91492
656916
2591691
1220188
1176355
1427455
138278
329879
1130410
989973
1187941
2016321
702518
1913371
54092
58627
979981
1296119
1247875
329885
2839758
694270
1233043
574655
1892477
1508187
1378264
44093
599730
3702
3702
4932
4932
4932
4932
4932
4932
4932
4932
4932
4932
4932
4932
4932
4932
4932
4932
4932
4932
4932
4932
4932
4932
4932
4932
4932
4932
4932
4932
4932
4932
4932
4932
4932
4932
4932
4932
4932
4932
4932
4932
4932
4932
4932
4932
4932
4932
4932
4932
4932
4932
4932
4932
4932
4932
4932
4932
4932
4932
4932
4932
4932
4932
4932
4932
4932
4932
4932
4932
4932
4932
4932
4932
4932
4932
4932
4932
4932
4932
4932
4932
4932
4932
4932
4932
4932
4932
4932
4932
4932
4932
4932
4932
4932
4932
4932
4932
4932
4932
4932
4932
4932
4932
4932
4932
4932
4932
4932
4932
4932
4932
4932
4932
4932
4932
4932
4932
4932
4932
4932
4932
4932
4932
4932
4932
4932
4932
4932
4932
4932
4932
4932
4932
4932
4932
4932
4932
4932
4932
4932
4932
4932
4932
4932
4932
4932
4932
4932
4932
4932
4932
4932
4932
4932
4932
4932
4932
4932
4932
4932
4932
4932
4932
4932
4932
4932
4932
4932
4932
4932
4932
4932
4932
4932
4932
4932
4932
4932
4932
4932
4932
4932
4932
4932
4932
4932
4932
4932
4932
4932
4932
4932
4932
4932
4932
4932
4932
4932
4932
4932
4932
4932
4932
4932
4932
4932
4932
4932
4932
4932
4932
4932
4932
4932
4932
4932
4932
4932
4932
4932
4932
4932
4932
4932
4932
4932
4932
4932
4932
4932
4932
4932
4932
4932
4932
4932
4932
4932
4932
4932
4932
4932
4932
4932
4932
4932
4932
4932
4932
4932
4932
4932
4932
643680
545124
285006
764101
4896
5476
237561
237561
1094984
1094982
1094993
1094998
1094997
1094990
1094981
1094983
1094987
1094986
1165368
1094992
1094999
1094994
1094985
1095000
1094988
1094989
1094996
1094991
1094995
1325634
5843
5843
5843
57267
137071
580059
580058
1036726
57266
5835
478859
1036723
1036725
1237627
1036727
57270
1036724
29760
3708
4513
200407
5507
5507
5507
5507
5507
5507
5507
5507
5507
5507
5507
5507
5507
5507
5507
5507
5507
542762
61366
61366
100902
660027
1229664
72712
72712
61374
61374
96317
61374
451672
660025
485398
96318
1089448
1080343
1089452
1080344
1089449
396571
396571
1089458
1089457
178876
178876
178876
178876
178876
178876
178876
178876
178876
178876
178876
178876
178876
1230055
1230059
1230071
1230073
1230079
1230057
1230060
1230076
1230070
1230072
1230077
1230075
1230067
1230063
1230056
1230062
1230078
1230058
1230061
1230066
1230080
1230064
1230065
1230081
1230068
1230069
746128
746128
746128
746128
746128
746128
746128
746128
746128
746128
746128
746128
746128
746128
746128
746128
746128
746128
746128
746128
746128
746128
746128
746128
746128
746128
746128
746128
746128
746128
746128
746128
746128
746128
746128
746128
746128
746128
746128
746128
746128
746128
746128
746128
746128
746128
746128
746128
746128
746128
746128
746128
746128
746128
746128
746128
746128
746128
746128
746128
746128
746128
746128
746128
746128
746128
746128
746128
746128
746128
746128
746128
746128
746128
746128
746128
746128
746128
746128
746128
746128
746128
746128
746128
746128
746128
746128
746128
746128
746128
746128
746128
746128
746128
746128
746128
746128
746128
746128
746128
746128
746128
746128
746128
746128
746128
746128
746128
746128
746128
746128
746128
746128
746128
746128
746128
746128
746128
746128
746128
746128
746128
746128
746128
746128
746128
746128
746128
746128
746128
746128
746128
746128
746128
746128
746128
746128
746128
746128
746128
746128
746128
746128
746128
746128
746128
746128
746128
746128
746128
746128
746128
746128
746128
746128
746128
746128
746128
746128
746128
746128
746128
746128
746128
746128
746128
746128
746128
746128
746128
746128
746128
746128
746128
746128
746128
746128
746128
746128
746128
746128
746128
746128
746128
746128
746128
746128
746128
746128
746128
746128
746128
746128
746128
746128
746128
746128
746128
746128
746128
746128
746128
746128
746128
746128
746128
746128
746128
746128
746128
746128
746128
746128
746128
746128
746128
746128
746128
746128
746128
746128
746128
746128
746128
746128
746128
746128
746128
746128
746128
746128
746128
746128
746128
746128
746128
746128
746128
746128
746128
746128
746128
746128
746128
746128
746128
746128
746128
746128
746128
746128
746128
746128
746128
746128
746128
746128
746128
746128
746128
746128
746128
746128
746128
746128
746128
746128
746128
746128
746128
746128
746128
451804
1437362
4072
4072
507601
432359
933077
1130820
943119
1074872
943118
1130821
943167
935652
5141
5141
498019
8128
5478
5478
5478
5478
5478
5478
5478
5478
318829
318829
318829
318829
318829
318829
318829
318829
318829
318829
318829
318829
318829
318829
318829
318829
318829
318829
318829
318829
318829
318829
318829
318829
318829
318829
318829
318829
318829
318829
318829
318829
318829
318829
1143189
5518
5518
5518
5518
5518
5518
5518
5518
5518
5518
7108
10029
10029
1194695
1194695
286159
5061
5061
5061
5061
5061
5061
5061
5061
5061
5061
5061
5061
5061
5061
5061
5061
5061
5061
5061
5061
5061
5061
5061
5061
5061
5061
5061
5061
5061
5061
5061
5061
5061
5061
5061
5061
5061
5061
380704
1353008
2711
5059
5059
5059
5059
5059
5059
332952
1392242
35525
1480154
1480154
7962
3483
3483
176275
176275
176275
176275
1245745
40559
40559
40559
999810
1290391
4952
4952
4952
4952
4952
4952
4952
4952
4952
4952
4952
5693
5693
5693
5693
1416333
85057
85056
1344414
307972
27337
27337
27337
27337
27337
27337
5062
5062
5062
5062
5062
1160506
1197718
332754
1007914
1027910
5599
5599
5599
5599
94128
5855
5855
5482
5482
5482
5482
5482
294747
1077284
5544
5544
5544
5544
5544
456999
456999
456999
456999
456999
456999
456999
456999
456999
456999
456999
456999
456999
456999
456999
456999
456999
456999
456999
983506
1108050
1086054
1108050
1287689
1423351
51655
6182
4911
4911
4911
3634
29158
29158
4909
4909
4909
4909
6669
4787
4787
169388
52904
29729
5286
5286
5286
5286
5286
1001064
5661
5661
5537
5759
885318
885311
885319
885315
22663
22663
5741
5741
933388
1137138
1394984
658858
598745
210409
101201
101201
1314770
1237896
6941
33178
33178
33178
3077
4615
8932
121845
121845
121845
8932
5580
5580
5580
5580
5580
5580
5353
5580
5580
5580
5580
5580
5580
5580
5580
5580
5580
5580
5580
5580
5580
5580
5580
5353
5580
5580
5580
5353
5580
5580
5353
5580
5580
5353
5580
5580
5580
5580
5580
5580
5353
5580
5580
5580
5580
5580
5580
5580
5580
5580
5580
5580
5580
5580
5580
5580
5580
5580
5580
5580
5580
5580
5580
59689
81972
36596
6326
195883
5076
5076
5076
1132390
1323249
3076
6978
30732
44745
5480
5480
5480
5480
5480
5480
5480
5480
5480
5480
5480
5480
5480
5127
5127
5127
5127
5127
5127
5127
5127
5127
5127
5127
5127
5127
5127
38569
597362
5551
5551
151328
27350
27350
608512
608512
875184
875184
1215332
1215341
1215337
1215335
1215334
1215339
1215330
1165861
911162
60419
35608
27334
27334
27334
27334
588596
588596
588596
588596
588596
588596
588596
588596
588596
588596
588596
747089
191504
1432141
6526
3755
5098
8400
948311
948311
948311
948311
948311
948311
948311
5802
84645
2813651
2813651
2813651
2813651
2813651
2813651
2813651
2813651
2813651
2813651
2813651
2813651
2813651
2813651
2813651
2813651
2813651
2813651
2813651
59479
7107
7107
7213
3848
5530
5530
5334
5334
5334
5334
5334
5334
45130
5334
690256
5067
690256
690256
690256
5067
690256
412133
1403190
1291519
1314663
1314666
1291518
9995
7067
9995
573508
7067
9995
447135
354439
3494
7067
35725
148305
148305
36911
92637
5323
5037
1005962
1005962
544711
1126212
1220926
544712
52824
45133
1159556
45133
8790
6192
114742
114742
4792
4792
4792
4792
4792
4792
58291
58291
58291
58291
58291
58291
278856
86635
1317066
1317063
1317065
1317064
33203
33203
6550
33203
33203
33203
79684
77166
4460
77166
29856
109871
109871
109871
109871
403673
1349383
9974
7741
164328
164328
164328
164328
1232801
55169
43151
29920
29920
29920
29920
29920
29920
29920
29920
29920
29920
29920
29920
29920
29920
29920
46835
29920
34765
29920
34765
57577
36651
1170229
1448308
742152
630390
128442
307491
120290
42192
66420
128442
4212
5068
5068
5970
5970
5970
5068
5970
5970
5970
5970
5970
5970
5970
5970
5068
5970
5970
5970
5970
5970
5970
5970
5970
5970
5970
5970
5970
5970
5970
5068
5068
5970
27326
27326
64518
64518
64518
64518
64518
64518
1033177
443226
1296102
767770
1137211
1296108
1296112
454284
1220162
1296103
44056
61235
61235
44056
44056
44056
64391
88036
37360
13333
64495
64495
64495
64495
64495
64495
64495
64495
64495
64495
64495
64495
64495
64495
64495
64495
64495
64495
64495
64495
64495
64495
64495
64495
64495
64495
64495
64495
64495
64495
64495
64495
64495
64495
64495
64495
64495
4956
29833
29833
264951
264951
264951
264951
264951
264951
264951
264951
264951
29833
264951
264951
264951
264951
264951
264951
264951
264951
264951
264951
264951
264951
264951
264951
264951
4956
29833
2502994
5850
936053
936053
936053
936053
936053
936053
936053
936053
936053
936053
936053
936053
936053
5007
5007
5007
110450
5851
5851
1124627
1246595
1356009
578113
40199
28995
28995
40199
40199
40199
39966
79923
130081
49012
28995
3075
27835
113540
2696576
2696576
2696576
2696576
5082
5082
5082
5082
5082
5082
5082
5082
5082
5082
5082
46634
46634
5082
5082
5082
5082
5082
46634
5082
5082
46634
46634
5082
5082
5082
5082
5082
5082
5082
46634
46634
5082
5082
5082
46634
46634
5082
46634
46634
46634
46634
46634
5082
46634
5082
5082
104341
42068
46634
5082
46634
46634
46634
46634
46634
46634
46634
46634
46634
46634
46634
46634
46634
46634
46634
46634
46634
46634
46634
46634
46634
46634
46634
46634
46634
46634
46634
46634
46634
46634
46634
46634
56615
56615
478820
478820
1365484
1457512
2498840
143292
5077
6130
119927
6954
5627
119927
38448
6956
166010
119927
119927
70448
119927
119927
166010
119927
7064
5477
5477
5477
77044
646526
40296
197043
5477
10212
1173061
5477
1173061
5477
5477
1173061
1173061
1173061
1173061
5477
55188
5477
5477
5477
5477
5477
5016
5016
5016
5016
5016
5016
45357
5325
157652
5699
80884
80884
2867405
29829
29829
29829
4954
29829
29829
29829
80884
13684
13684
13684
13684
13684
13684
13684
13684
13684
13684
13684
13684
13684
13684
13684
13684
13684
13684
13684
13684
13684
13684
13684
13684
13684
13684
13684
13684
13684
13684
13684
13684
13684
13684
13684
13684
13684
13684
13684
13684
13684
13684
13684
13684
13684
13684
13684
13684
13684
13684
13684
13684
13684
13684
13684
13684
13684
13684
13684
13684
13684
13684
13684
13684
13684
13684
13684
13684
13684
13684
13684
13684
13684
13684
13684
13684
13684
13684
13684
13684
13684
13684
13684
13684
13684
13684
13684
13684
13684
13684
13684
13684
13684
13684
13684
13684
13684
13684
13684
13684
13684
13684
13684
13684
13684
13684
13684
13684
13684
13684
13684
13684
13684
13684
13684
13684
13684
13684
13684
13684
13684
13684
13684
13684
13684
13684
13684
13684
13684
13684
13684
13684
13684
13684
13684
13684
13684
13684
13684
13684
13684
13684
13684
13684
13684
13684
13684
13684
13684
13684
13684
13684
13684
5501
701091
1231523
1231523
1391915
546991
396776
454286
1055687
9764
27357
52283
97005
27357
5319
189291
47427
72004
5025
5025
43049
5025
43049
67767
4083
104777
10195
34254
43049
52283
9764
29924
45151
47428
40302
105696
43150
5147
45151
45151
45151
45151
45151
45151
45151
45151
45151
45151
45151
45151
45151
45151
45151
237895
237895
237895
91943
91943
91943
91943
91943
91943
91943
91943
91943
91943
91943
91943
91943
91943
91943
91943
91943
91943
91943
91943
91943
91943
91943
91943
91943
91943
91943
91943
91943
91943
91943
91943
91943
91943
91943
91943
91943
91943
91943
91943
91943
91943
91943
91943
91943
91943
91943
91943
91943
91943
91943
91943
91943
91943
91943
91943
91943
91943
91943
91943
91943
91943
91943
97479
97479
97479
97479
97479
1157616
861557
97480
333673
747725
1296107
1296110
1334442
1296111
1296117
1296101
1296104
1296106
1095628
1268274
1389203
183260
183260
5142
1247836
36022
870730
56646
870730
870730
870730
870730
870730
870730
36090
870730
870730
41880
310453
203008
6334
326628
310453
43265
39617
6334
43265
55307
32597
4803
6280
32597
158606
55291
60517
36022
7906
4639
4639
29172
4639
4639
13290
13290
13290
13290
13290
158606
32597
32597
4837
4837
688394
327079
710243
460523
460523
460523
460523
460523
460523
460523
460523
460523
460523
460523
1649241
1649241
4846
292717
91625
5039
5039
447095
9218
663331
857340
1263082
1287680
1355160
936435
7116
71354
33632
72366
104508
41045
267567
40998
1387563
1387563
1387563
1387563
1387563
1387563
690259
690259
690259
690259
60169
36056
1460663
93969
104259
1387563
50730
1387563
1387563
1387563
1387563
1357716
41984
1387563
1387563
1387563
1387563
1387563
1387563
1387563
538528
1387563
1387563
1387563
1387563
1387563
1387563
1387563
1387563
1387563
1387563
1387563
1387563
40998
1387563
1387563
1387563
1387563
7274
42258
30457
1387563
1387563
1387563
8969
1387563
27322
1387563
1387563
1387563
1387563
1387563
1387563
1387563
1357716
1387563
1387563
1387563
1387563
1387563
1387563
1387563
1387563
1387563
1387563
1387563
1387563
1387563
1387563
1387563
1387563
5454
1387563
1387563
1387563
30457
30457
1387563
1387563
1387563
1387563
39621
1387563
1214573
1387563
1357716
39638
1357716
1387563
100816
1357716
1387563
129314
1387563
325452
100787
100787
325452
325452
1387563
1387563
1387563
1387563
325452
252740
325452
73324
1387563
1387563
1387563
1387563
7375
325452
30640
1357716
34504
6198
100787
6277
33528
34615
52586
129364
129364
129364
112090
6265
112090
13291
1173701
355587
112090
7924
13291
7375
100787
29170
112090
112090
6293
13291
112090
112090
112090
13291
13291
53326
112090
13291
6293
112090
112090
112090
100787
500148
156630
156630
170000
170000
114155
114155
564608
114155
106549
65357
121759
121759
1566151
65357
2094558
482561
1460502
7396
683840
765257
1068625
159749
1108849
1108849
1108849
1262450
1095631
510952
1284355
1151754
348720
89673
860376
1214568
5074
5074
1209932
1209932
1231522
205924
195108
100907
874455
13677
175788
53985
8475
5689
83184
5074
59818
36656
100951
2512241
197152
33653
81927
195108
83184
195108
1196302
1209932
71717
195108
106004
104711
416442
33653
363999
5514
209559
36656
42026
83184
36656
6337
78410
33653
6337
32595
6337
137743
48891
100861
6337
98964
84834
8787
45807
68888
363999
68888
8805
746836
37610
187106
36087
221167
6337
221167
542832
221167
270547
221167
542832
9117
238744
221167
221167
6184
9240
135651
104452
100861
749465
100861
53985
64517
3900
53985
100861
53985
72032
53985
53985
53985
53985
53985
53985
70667
100861
6319
265104
40151
36035
42156
75743
4796
945690
9770
945690
387005
5516
5066
55181
55181
55181
55181
55181
55181
764103
364733
101480
101480
101480
2714763
36630
5217
1097556
5111
5111
5111
5111
5111
5111
431895
5111
5111
5111
5111
5111
1381753
5111
5111
5111
5111
1111077
5111
5111
647933
5111
5111
5111
5111
5111
5111
78898
78898
78898
77932
2795749
1569044
1104152
2498619
2795749
1215338
1392247
766039
1215336
372326
335852
335852
69766
1671311
335852
708197
293939
269767
708197
335852
74499
879819
269767
36015
121624
121624
121624
269767
5486
121624
595635
121624
310910
55194
55194
107463
798071
211096
68788
348802
5046
326684
348802
2020962
348802
200917
348802
348802
348802
348802
40997
348802
348802
348802
348802
348802
348802
348802
348802
269771
1187904
348802
348802
348802
348802
348802
348802
348802
980116
420778
348802
348802
215243
348802
212818
348802
348802
348802
348802
348802
675120
69771
110542
135588
111125
398673
293939
86259
293939
293939
1671311
1076256
569365
211096
420778
293939
198730
2755281
708197
1566825
68777
103600
749621
40382
91492
27973
153643
293939
114810
420778
110542
348802
293939
293939
293939
293939
390850
30033
183478
302913
91492
293939
389665
110526
37992
1131913
418781
109895
127929
54386
91492
1147111
348802
1582974
8905
179993
179993
6216
179993
114818
1194566
56406
97377
155126
155126
91492
155126
52777
48427
97377
243314
343994
98765
48155
75485
109899
6412
1681229
28689
79588
79588
1681229
40419
286115
407821
1573173
84607
34475
6216
187451
183478
155126
155126
155126
150374
155126
944170
94130
12930
101091
307758
249248
64525
310910
120017
114810
35722
979670
157072
64567
42375
6339
1658174
1176355
310910
157183
7913
543379
230148
42157
310910
3140254
2136033
157183
157183
1928728
310910
39272
1661398
44941
348802
62708
62708
61482
28005
157069
2888765
97096
2587410
85999
86049
40355
61459
1284197
1708541
1708541
1708541
1708541
1708541
1708541
1708541
1708541
1708541
1708541
1708541
1708541
1708541
1708541
1708541
1708541
1708541
1708541
1708541
1708541
1708541
1708541
1708541
1708541
1708541
319629
412467
4926
319629
68825
225398
635003
85995
1287681
319629
93591
1245528
329879
329879
1296118
2792576
1328759
1314771
1081107
1280524
1280523
1283842
1149849
1036808
1714387
1358809
87958
159417
69774
5083
5083
5083
5083
5083
2663375
5083
1907220
69774
2138324
1940296
205686
1803070
51714
2486360
1603295
40697
2723393
230812
2614609
330485
5901
2614600
330485
2663376
1658444
2614591
2487000
99116
278026
2690220
293381
103429
1243177
99116
1658444
562976
462227
138298
2614592
99116
2698477
105482
2614611
99116
2614588
1280935
69780
8262
2614589
109381
42673
109894
1485227
2614610
383834
109894
1883078
2060934
1506151
109894
54092
54092
117820
622444
702518
109634
89957
2614590
109381
383834
2675880
7250
109894
417178
1897646
5210
152316
89957
144512
96539
101142
1245748
37083
195482
1160851
2600232
156760
458187
298831
2804962
2804958
456900
153919
290292
208073
195482
1323832
27294
490622
2804958
237433
90253
4814
2600232
1047168
1678846
860918
1913371
4814
40482
117179
2600232
153919
417178
153919
153919
34358
153919
56258
717982
392030
1913371
392030
1913371
392030
417176
392030
1343610
392030
300112
1913371
1913371
321084
4814
103827
189913
1343610
2315210
479712
136370
137246
7917
147472
979765
144406
64522
158607
59628
109932
979688
979620
392030
417176
101098
6335
61397
979697
994334
311239
979702
64523
1306861
2663907
392030
144406
64522
101097
147472
64571
4874
417178
483371
147472
417176
61397
417177
1081669
147472
2789366
61395
417176
1052880
392030
5974
51316
392030
392030
2698477
395010
273131
1296123
1331196
84751
1042127
1042127
1042127
1042127
1042127
1042127
1042127
1042127
174685
60175
245174
245174
245174
245174
245174
245174
245174
60175
245174
60175
60175
1215331
60175
60175
245174
174685
245174
245174
245174
245174
245174
245174
245174
245174
935791
245174
245174
174685
945553
60175
60175
60175
60175
60175
60175
60175
60175
60175
60175
60175
60175
60175
60175
60175
60175
60175
60175
717836
60175
60175
60175
60175
586133
586133
88886
586133
586133
586133
586133
245174
245174
870435
60175
1240240
429131
300641
468196
465554
2614602
30338
3041901
2184411
1324776
3375984
335842
2972120
2821753
1337665
3003415
116970
3021424
1561947
2826082
2086405
2086405
2972119
3151616
1907218
3003414
2768841
3049762
2972120
3003416
1132637
2768840
1132637
51605
2823209
2972120
1132637
335849
3003417
2768839
2830617
2898082
1896173
2480587
2720512
2905655
63820
2996811
41688
2788930
2826080
1571157
2970133
3038955
1274662
2615122
2042821
2663365
2824670
3373145
215465
2978360
1442378
1324776
3373144
3038956
3038954
1737510
1690604
1562060
2978359
2898083
1690604
269621
1650286
1650286
1650286
2821754
2654837
1746091
1650286
1650286
1535362
3128533
1650286
2978356
1690604
2696299
2817039
2614595
2070414
765719
3014309
300254
1485228
2696299
2663374
27313
2817041
2043611
1896174
2874508
2817042
2070413
574655
574655
2996821
289078
796604
3128534
2614586
574655
2905653
1954212
1329386
3097288
2839952
2614585
765868
2028340
1450552
48484
2043610
1813822
2494466
2905654
574656
2614607
2663366
1883073
278938
1612424
3014308
1937702
1937702
2826081
36646
1954211
3004212
3004212
1937702
1937702
1937702
1937702
1937702
1937702
3128537
2994517
1937702
1016849
1937702
1937702
1937702
1937702
1937702
1016849
2614606
3128536
2829485
1612424
2663370
2487125
61262
2614582
3128535
1612424
1612424
1937702
1937702
765867
2135914
2249420
1937702
1937702
1937702
2572875
2070412
148631
1937702
1937702
329885
1101274
1016849
1508187
5173
3040156
3060491
1612424
2901243
554058
1926264
631055
13370
2790670
2614584
2894285
574655
1964301
912113
2202890
329885
329885
1770614
1612424
574656
1612424
2831173
5173
148631
1612424
1612424
1612424
2724198
329885
2901252
2249419
1907226
138064
1612424
160324
148631
1612424
1612424
2894284
2614587
416450
1654605
3060474
329885
1305733
1653778
1612424
2987684
329885
2019903
1612424
2987685
1639000
1965284
1836956
1836956
1001937
2614608
574655
138277
3239297
2614599
1812306
1612424
1612424
1612424
1612424
29845
2670343
2829486
1410381
127596
2728926
1485229
1612424
200324
749634
1612424
303698
1506992
2898425
2562755
138065
2650976
2614573
1940295
252197
3039814
2135917
155416
2885761
2614580
585030
2670340
2670339
2211642
1508187
1513325
2670338
65964
1524831
60134
2789322
1690605
1001938
2663922
2512252
2789316
1001833
685588
3039815
1001832
2028339
2249417
2135916
203109
329885
340414
1622149
2614575
2562239
2211645
34357
340414
2789360
2664923
574655
2838810
92952
329885
2838798
340414
2512258
2789357
244254
111875
1287682
2838811
2838796
329885
329885
2663364
574655
2978355
1690604
1032678
574655
2600220
3349763
574655
1622147
2211647
329885
2135913
2838794
92180
2789315
2838797
329885
2211646
329885
2838800
2894283
2789352
2724207
2838803
2838799
2724215
2838795
181606
329885
864142
329885
1081914
1314672
2894281
329885
2135918
329885
2894282
296797
2135911
2614583
134698
392032
92179
30044
282268
293373
122381
2724204
329885
2135915
2838802
2789312
2724216
2600228
1287682
2838804
2838812
2600229
2838801
574655
329885
329885
287889
33205
2789224
2849849
1435070
2789361
2663899
2670344
2211644
1805481
1836956
2211643
229535
392032
392032
1429867
2838813
392032
2663373
392032
1622148
2978358
392032
2849863
1486700
1623583
2849862
2849847
1325737
2559226
2559229
2663918
2849861
2748771
912113
433720
34388
48697
2249418
2559224
2572656
2878363
2559230
2761427
2559223
1420910
433720
2786947
2559222
2663887
1314962
433720
2732418
2670342
2762511
2849844
2670341
1967640
718367
2663886
2774352
51543
2663910
2559231
1215361
1420912
46829
2725673
2804960
1803897
2786946
193234
1306850
2762511
2559221
109152
309927
2784343
53986
392033
53986
1960876
2762512
433720
2598192
278938
305860
2559225
1420909
392033
2692428
87229
2762511
2762511
1850345
2762511
2789348
1882861
2184029
2184031
392032
3065222
3038893
1629725
1897647
3038892
1381693
2184030
1896192
1897648
86335
120398
2512256
1896187
2600205
392033
2761391
392032
2762512
2559227
392032
2559228
460514
48269
392033
1420913
2664923
2762511
69181
2724211
2978357
2762512
2773459
2762512
1420914
2663877
1420911
460514
1420907
2663876
1896178
1803374
2053456
433720
1896182
433720
392033
1420908
2724200
433720
2901253
1896190
2663920
2663894
1437433
1420915
574655
1420902
2789314
2600222
1896186
1420906
2818456
2962637
2789351
2562239
3038894
2663883
69181
2849859
2762512
2761428
1896188
2762511
2952
2761405
392033
1391699
1622150
2849843
47266
864141
2789323
2601502
2600221
1896189
2562287
2562287
2562287
2562287
2761407
2483409
2004951
2512253
392033
2849856
2135919
2761417
2761419
1896193
1399860
483370
2762511
2762511
1896183
2789317
1714833
57161
2762512
69181
2562287
2562287
1896185
2600580
223615
2600207
2600204
2901242
867726
1897644
2762512
864141
1896179
2663916
133412
2600209
1896180
2340872
2600223
1519616
2762512
2663904
1117311
392032
1234261
2512255
329885
2053460
2663888
1535356
2762511
2901249
392032
2600214
2663912
2600227
2600231
1420901
2663905
2600226
2818455
2600225
2053458
2600203
2789225
1234261
2789350
2761402
2600210
2600212
2663890
2600224
2724996
2600215
2663913
2600211
2601501
2600216
2789223
6186
2761401
2789345
2663914
1234261
2663902
2790278
2663879
2600213
2663889
148818
2724210
2761390
2789331
2789320
2512254
2663906
2849853
2512259
2600202
3014310
2789346
2818452
2849852
2761397
2789349
2663915
483367
2849851
2512260
2789340
3014311
2663880
2724214
2849848
2053459
2512257
2898424
2600201
2663911
2663921
2790277
697907
2849860
2894280
2894279
1433469
5858
2663917
2663897
2849845
2849850
2849846
31246
2789344
2849864
2789347
2600206
2789341
2761403
327750
2789356
2761420
2849857
2789324
574655
2663908
2663901
2849858
329885
2849855
2663896
43982
2663891
2663909
1291522
2663885
2663903
2849854
2663882
2663900
2663884
2789218
2663893
73868
2663892
2663895
2663878
2732417
2663881
2789329
2663898
2663875
43982
4952
947042
1294378
1294316
1294309
1294369
5478
332952
284591
5759
56646
559304
30019
10090
10116
39947
39947
9913
4577
29760
8355
3880
180454
7070
714518
3555
7240
7240
9598
4182
3641
9838
3914
7245
310915
29730
80379
3870
9601
122368
1278906
114280
7159
227321
4932
4932
4932
4932
4932
4932
4932
4932
4932
4932
4932
4932
4932
4932
4932
4932
4932
4932
4932
4932
4932
4932
4932
4932
4932
4932
4932
4932
4932
4932
4932
4932
4932
4932
4932
4932
4932
5507
5507
5507
660029
6689
8839
498019
498019
5693
5693
7160
45351
29058
1035515
1033975
1035514
456999
180498
3634
4909
169388
6945
452589
1042311
10181
3988
5580
3562
73239
7176
9646
4784
588596
747089
441960
7217
690256
168631
7130
6973
655827
306902
114742
7244
523103
58291
58291
58291
33203
77166
50390
29920
29920
8469
1170230
985895
1564500
8496
4572
5970
5970
4785
222929
7230
88456
64495
64495
441894
7238
610380
104421
658429
561896
9014
31234
51031
5477
379508
665024
1355161
5025
72004
91943
426418
771870
578460
7260
55661
2015173
9244
56313
2951
710243
590646
40157
1445577
7220
885580
328815
5854
57412
8969
118200
7234
59799
500485
1276141
554373
542832
60172
76193
7222
1049336
245562
946125
37040
9209
6317
82763
1072389
2759587
310910
879819
419612
99158
13347
2585209
13347
988480
481877
1379296
370605
2069292
136370
54757
1799007
1276143
40482
215637
2853592
230985
1555241
2578422
2810443
2939407
2939399
424472
2918519
1145322
116794
2939402
2048520
2939400
2871812
2608996
2903221
2939398
574655
345251
111643
111643
329885
37080
1892477
2905938
2778381
318760
2903222
2853593
2723227
1145348
2778382
3061772
1042397
984092
2058121
163714
2903220
1215613
2494336
1866961
2812485
3061772
62714
3061772
4565
9940
9925
641309
3702
39947
5807
49012
1173061
1076935
34627
34627
5005
3708
5478
5478
5478
5478
5478
5478
5478
5478
5478
5478
420245
464988
2898
1195612
