5855
36329
73239
5874
5851
441375
508771
137071
507601
57267
432359
57266
353152
333668
484906
580058
580059
572307
5807
110365
935652
933077
943118
943119
943167
1074872
943122
1130821
99158
1077284
1033975
1035515
1035514
1120755
1130820
1537102
5843
1237627
51315
5801
51316
5802
5804
51314
44415
1323249
1036723
1036727
1036725
1036726
57270
5835
1036724
1237626
138298
1133968
54757
5854
869250
88456
5857
5866
237895
93969
647221
857276
117008
2951
462227
5850
77519
94643
483139
189622
68886
2494336
1280935
756076
310047
515981
5811
83540
476202
2853593
5869
5824
5871
195482
323732
33632
2138604
659607
31271
5823
5861
85471
5849
5821
864142
864141
5858
36330
5826
880534
880535
880536
720590
2600580
119398
138297
5860
2202890
5886
878477
631055
230985
1519616
2952
1628268
5936
2562237
2562239
1381693
280699
130081
2769
2786
448386
35688
2788
2690220
172961
83374
3028027
2771
101924
683352
296543
556484
44056
1093141
159749
72520
635003
4795
1519565
33653
120398
303405
426638
210448
483370
483371
2872254
2483200
267567
183589
568900
35677
2856
1535356
1535362
33852
1577725
186042
29204
2742595
2857
265540
637379
37319
348837
2049356
222440
2918883
342808
28002
1055687
1068625
28005
1314962
1808958
3039
184922
3055
296587
436017
3068
554065
564608
70448
574566
145388
1291522
3075
33097
41875
554055
3076
3046
1157962
47790
307507
2608996
44745
2650976
2742167
41880
1653778
2026947
51695
47281
1650286
51714
1737510
2315456
47775
3077
2649997
39955
2696299
330485
3088
3041901
3111
1470871
381761
904363
2026836
41462
706552
248742
2905653
2905655
2905654
2578422
3373144
3373145
121088
765719
1274662
1965095
375941
2954232
31302
3087
3071
75966
2941158
2069334
1202541
3159
2904290
38832
2780016
269715
113528
2320818
2601844
2053932
2041167
3165
148947
3067
40981
763042
1075084
498180
641309
1928728
2184066
2844372
1215613
