1775427
1169474
2697096
2562237
2499525
508771
2951
5855
36329
73239
5874
5851
441375
137071
507601
57267
432359
57266
353152
333668
484906
580058
580059
572307
5807
110365
935652
933077
943118
943119
943167
1074872
943122
1130821
99158
1077284
1033975
1035515
1035514
1120755
1130820
1537102
5843
1237627
51315
5801
51316
5802
5804
51314
44415
1323249
1036723
1036727
1036725
1036726
57270
5835
1036724
1237626
138298
1133968
54757
5854
869250
88456
5857
5866
237895
93969
647221
857276
117008
462227
5850
77519
94643
483139
189622
68886
1280935
756076
310047
515981
5811
83540
476202
2853593
5869
5824
195482
323732
33632
2138604
659607
31271
5823
5861
85471
5849
5821
864142
864141
5858
36330
5826
880534
880535
880536
720590
2600580
119398
138297
5860
2202890
878477
631055
230985
1519616
2952
1628268
5936
2184066
2844372
1215613
2856
33852
1577725
186042
568900
1519565
29204
2872254
210448
426638
2742595
33653
2857
265540
637379
483370
483371
44056
37319
296543
556484
159749
635003
120398
303405
2483200
267567
35677
2562239
1381693
183589
5871
