1775427
508771
5855
36329
73239
5874
5851
423536
441375
137071
507601
57267
432359
57266
353152
333668
484906
580058
580059
572307
5807
5932
110365
935652
933077
943118
943119
943167
1074872
943122
1130821
99158
1077284
1033975
1035515
1035514
1120755
1130820
1537102
5843
1237627
5801
5802
5804
51314
1323249
1036723
1036727
1036725
1036726
57270
5835
1036724
1237626
138298
1133968
54757
5854
869250
88456
5857
5866
237895
93969
647221
857276
117008
462227
5850
77519
94643
483139
189622
68886
1280935
756076
310047
515981
5811
32597
330153
83540
476202
2853593
5869
5824
195482
323732
33632
2138604
659607
31271
5823
5861
85471
5849
5821
864142
864141
5858
36330
5826
880534
880535
880536
720590
2600580
119398
138297
5860
2202890
412133
185431
5741
598745
658858
1394984
1144522
797122
5742
135588
347515
420245
435258
5693
679716
5661
929439
85056
59799
1416333
479712
71804
5679
223615
157538
5684
5694
67003
85057
83891
5689
5663
1580590
2249476
2803181
2802991
2761500
5699
715481
5660
653362
5680
5678
651832
5671
12968
944170
478820
4803
3128534
3128537
3128533
3128536
3128535
126728
5871
