312017
1172189
412030
5855
36329
73239
5851
423536
137071
57267
57266
5888
580058
580059
5932
1077284
1033975
1035515
1035514
1120755
5843
1237627
1323249
1036723
1036727
1036725
1036726
57270
5835
1036724
1237626
138298
54757
5854
5949
5857
266149
647221
5850
77519
32597
330153
5824
31271
5823
5861
85471
5849
5821
864142
864141
5858
36330
5826
880534
880535
880536
720590
2600580
119398
138297
5860
65129
43137
43138
1481888
2856
33852
186042
590727
568900
74381
1519565
2872254
2742595
2889
35122
2315210
2857
2185085
309737
12968
695850
2880
876976
87111
717989
37319
88149
556484
1156394
112090
157072
944170
478820
635003
74557
1202772
100861
303405
3128534
3128537
3128533
3128536
3128535
867726
5886
183589
112091
