403677
296543
67593
556484
695850
12968
44056
1093141
1156394
159749
2880
1284355
1317065
1317066
1317063
1317064
4792
4792
4792
4792
112090
157072
72520
944170
325452
325452
114742
65357
4792
4792
478820
325452
2483409
325452
325452
325452
635003
74557
1202772
112090
4795
1519565
2315210
4796
29920
157072
112090
112090
112090
112090
112090
112090
112090
112090
112090
112090
542832
542832
542832
4779
4779
1027361
1027361
41045
41045
82926
82926
1485010
33653
33653
33653
33653
53985
129364
53985
129364
53985
53985
53985
53985
53985
53985
53985
53985
129364
100861
120398
112090
29920
4787
1714386
4787
4784
29920
29920
29920
29920
29920
29920
29920
29920
29920
29920
29920
29920
29920
29920
29920
53986
53986
53986
29920
29920
29920
303371
4785
2496075
29920
303405
109152
112091
164328
164328
44056
44056
44056
542832
100861
100861
100861
426638
210448
230839
4787
114742
114742
483370
483371
2872254
4803
4785
2483200
2962635
2557542
2077276
1490495
1714387
1606542
1606541
722753
2962637
267567
4793
44056
44056
3128534
3128537
3128533
3128536
3128535
478820
65357
4781
183589
120398
867726
568900
35677
622444
134698
2874970
622444
2856
542832
134698
162125
86335
1535356
1535362
