3702
3694
4558
29760
3659
81972
3847
39946
4577
39947
15368
88036
39947
3988
3702
3880
4555
29730
4639
3821
3760
4572
81985
3641
981085
192259
13333
72664
85681
3885
4155
3562
3555
4072
57577
71139
2711
180498
105231
3848
50452
3708
60419
29729
3726
4639
29655
3914
51240
39947
59895
472368
906689
79200
888268
1480154
3702
3983
4615
4182
3900
3871
4686
49451
4639
4639
3775
210143
93759
4232
56857
22663
206008
4565
33114
80379
218851
429701
1088818
22663
4236
55188
58331
3476
63057
3634
3634
2094558
74649
1590841
3197
4540
1504633
35608
4577
267555
69181
69181
69181
69181
157652
69332
3711
3880
97028
337451
3469
3818
262757
3917
4530
29760
4513
1094858
3750
542762
3818
3848
39947
608512
157739
455371
180675
52838
110450
43335
4556
47621
1194695
1194695
4083
106335
106549
176857
38414
2594499
34276
3635
34275
34277
1000413
13894
3755
4170
561372
3634
2448454
2182728
192012
4460
262921
3870
39947
4045
1480154
3870
3981
544730
4072
4072
419125
3847
3728
3483
3483
46969
458696
34281
29730
34289
34282
34290
34288
4442
34286
34287
34285
34283
34291
39325
56867
3847
3847
3847
3847
118357
3848
4432
165716
13818
362788
360336
3225
3225
374723
13715
1010633
261450
1413687
3696
4558
99300
51239
51239
52824
3914
32201
38727
1278906
1813537
4076
479676
4109
94328
32201
32201
32201
37648
118781
1240361
45249
103762
586722
168488
47600
151328
608512
34254
29808
158543
161865
4113
4113
4113
4113
49495
3708
36596
47602
3847
152421
714518
99658
55571
229202
3755
53036
191504
128215
39905
2711
2711
2759587
167791
94219
120290
114280
13427
4217
185202
74823
215227
357466
357465
74822
320322
119954
4513
3888
3694
4058
1042139
4212
1840588
49168
880440
4023
301880
434235
434234
71354
4232
4232
158149
325984
4232
4232
4232
4232
4232
4232
485725
2022672
198213
13579
2019903
2790670
155640
906938
218843
38846
273540
1278906
1278906
1278906
889485
34168
29817
40686
444605
77065
444605
444605
2511006
32244
171969
4639
402998
3435
1862640
3981
347529
103349
183268
3369
3899
4024
29760
55184
4465
360622
13708
4024
4521
315347
3899
191504
168575
112253
1293975
43782
150966
3494
499986
4628
2727404
300844
243964
160366
3512
50273
236973
22666
4023
3641
79078
29729
547442
3641
3641
3641
3915
147425
194707
1480154
1480154
3830
3891
3886
3824
43366
3635
183260
183260
183260
3708
1480154
2320716
2320717
3103831
152367
461633
152371
2935761
2935761
63359
3572
425828
59490
4565
2727405
2727403
2727402
300843
34254
3656
52824
52824
117978
3635
228776
542762
378228
28513
3818
4039
520843
126358
205694
3847
41844
338654
3847
62892
49390
4567
132261
4565
3711
3755
586526
3702
51605
3702
68872
158383
1685480
51605
36596
36596
3702
422564
3708
38785
13288
56036
75947
29727
59689
41803
186058
586396
2996821
2996811
3014308
3014309
3906
3014311
3014310
57577
529605
75948
92480
185542
3860
77055
4442
4442
4442
128251
128251
128206
252529
128206
3873
586398
240449
3888
36596
151428
213591
228183
214685
491892
491892
81970
114194
