4779
542832
2962637
1714386
2856
1027361
52230
33852
1577725
186042
590727
145522
568900
74381
1519565
29204
2872254
210448
426638
2742595
2889
1745946
44431
35122
42384
2315210
2857
303371
559515
2185085
309737
420556
37642
12968
695850
2880
403677
637379
483370
67593
44056
876976
87111
622258
717989
37319
88149
296543
556484
1156394
159749
1284355
1317065
1317066
1317063
1317064
4792
112090
157072
944170
325452
114742
65357
478820
635003
74557
1202772
4796
29920
41045
82926
1485010
53985
129364
100861
4787
4784
53986
4785
2496075
303405
109152
164328
4803
2483200
2962635
2557542
1714387
1606542
1606541
722753
267567
3128534
3128537
3128533
3128536
3128535
4781
867726
35677
622444
134698
2874970
162125
86335
183589
72520
4795
1093141
112091
1775427
89957
1169474
2697096
2562237
2499525
1169540
312017
508771
1172189
412030
2951
5855
36329
73239
5874
5851
423536
441375
137071
507601
57267
432359
57266
353152
333668
484906
5888
580058
580059
572307
5807
5932
110365
935652
933077
943118
943119
943167
1074872
943122
1130821
99158
1077284
1033975
1035515
1035514
1120755
1130820
1537102
5843
1237627
5801
5802
5804
51314
1323249
1036723
1036727
1036725
1036726
57270
5835
1036724
1237626
138298
1133968
54757
5854
869250
5949
88456
5857
5866
266149
237895
93969
647221
857276
117008
462227
5850
77519
94643
483139
189622
68886
1280935
756076
310047
515981
5811
32597
330153
83540
476202
2853593
5869
5824
195482
323732
33632
2138604
659607
31271
5823
5861
85471
5849
5821
864142
864141
5858
36330
5826
880534
880535
880536
720590
2600580
119398
138297
5860
2202890
65129
43137
43138
878477
631055
230985
1481888
1381693
2562239
5886
5871
46433
753081
37360
126728
641309
1928728
