4779
542832
2962637
2856
1027361
52230
33852
1577725
186042
590727
145522
568900
74381
1519565
29204
2872254
426638
2742595
2889
1745946
44431
2315210
2857
303371
2185085
309737
420556
37642
695850
2880
403677
483370
67593
876976
87111
622258
717989
37319
296543
556484
1156394
1284355
1317065
1317066
1317063
1317064
4792
112090
157072
944170
325452
114742
65357
478820
635003
74557
1202772
29920
41045
82926
1485010
53985
129364
100861
4787
4784
53986
4785
2496075
303405
109152
164328
4803
1714387
1606542
1606541
722753
3128534
3128537
3128533
3128536
4781
622444
134698
2874970
162125
86335
72520
4795
