574566
904363
41462
381761
375941
2608996
2954232
47790
31302
3087
44745
1737510
51714
3076
3071
554055
3075
1157962
75966
2941158
2069334
307507
1202541
47775
121088
1650286
1291522
3159
765719
2904290
38832
1653778
39955
2780016
269715
113528
2026947
51695
47281
2601844
2053932
2041167
3165
148947
3067
40981
70448
763042
33097
145388
1075084
498180
3046
296587
436017
3068
554065
564608
41875
2650976
2742167
41880
2315456
3077
2649997
2696299
330485
3041901
3111
1470871
2026836
706552
248742
2905653
2905655
2905654
2578422
3373144
3373145
1274662
1965095
280699
130081
2769
2786
448386
35688
2788
2690220
172961
83374
3028027
2771
101924
683352
3088
3055
1461544
1764295
3702
3694
4558
29760
3659
81972
3847
39946
4577
39947
15368
88036
3988
3880
4555
29730
4639
3821
3760
81985
3641
192259
13333
72664
85681
3885
4155
3562
3555
4072
57577
71139
2711
180498
3848
50452
3708
60419
29729
3726
29655
3914
51240
59895
472368
906689
79200
1480154
3983
4615
4182
3900
3871
4686
49451
3775
210143
93759
4232
56857
22663
206008
4565
33114
218851
429701
1088818
4236
55188
58331
3476
63057
3634
2094558
74649
1590841
3197
4540
1504633
35608
267555
69181
157652
69332
3711
97028
337451
3469
3818
262757
3917
4530
4513
1094858
3750
542762
608512
157739
455371
180675
52838
110450
43335
4556
47621
1194695
4083
106335
106549
38414
2594499
34276
3635
34275
34277
1000413
13894
3755
4170
561372
2448454
2182728
192012
4460
262921
3870
3981
419125
3728
3483
46969
458696
34281
34289
34282
34290
34288
4442
34287
34285
34283
34291
39325
56867
118357
165716
13818
362788
360336
3225
374723
13715
1010633
261450
1413687
3696
99300
51239
52824
32201
38727
1813537
4076
479676
4109
94328
37648
118781
1240361
45249
103762
586722
168488
47600
151328
34254
29808
158543
161865
4113
36596
47602
152421
714518
99658
55571
229202
53036
191504
128215
39905
167791
94219
120290
13427
4217
185202
74823
215227
357466
357465
74822
320322
119954
3888
4058
1042139
4212
1840588
49168
880440
4023
301880
434235
434234
71354
158149
325984
485725
2022672
198213
13579
2019903
2790670
155640
906938
218843
38846
273540
889485
34168
29817
40686
444605
77065
2511006
32244
171969
402998
1862640
347529
103349
183268
3369
3899
4024
55184
4465
360622
13708
4521
315347
168575
112253
1293975
43782
150966
3494
499986
4628
2727404
300844
243964
160366
3512
50273
236973
22666
79078
547442
3915
147425
194707
3830
3891
3886
3824
43366
183260
2320716
2320717
3103831
461633
152371
2935761
63359
3572
425828
59490
2727405
2727403
2727402
300843
3656
117978
228776
378228
28513
4039
520843
126358
205694
41844
62892
49390
4567
132261
586526
51605
68872
158383
1685480
422564
38785
13288
56036
75947
29727
59689
41803
186058
586396
2996821
2996811
3014308
3014309
3906
3014311
3014310
529605
75948
92480
185542
3860
77055
128251
252529
3873
586398
240449
151428
213591
228183
214685
491892
81970
114194
4572
338654
4432
4045
49495
152367
981085
80379
544730
34286
888268
114280
1278906
2759587
3435
128206
176857
105231
