1169474
1169540
312017
508771
1172189
412030
5855
36329
5874
5851
423536
441375
507601
432359
353152
333668
484906
5888
572307
933077
943119
1074872
943122
1130821
99158
1077284
1033975
1035515
1035514
1130820
1537102
1323249
5835
1237626
138298
1133968
54757
5854
869250
5949
88456
5857
5866
266149
237895
93969
647221
857276
117008
5850
77519
94643
68886
1280935
756076
310047
515981
5811
330153
83540
5869
195482
33632
2138604
659607
31271
5823
85471
5849
5821
5826
880534
880535
880536
720590
2600580
119398
138297
5860
2202890
65129
43137
43138
230985
1481888
5936
5886
