423536
5888
312017
5932
1172189
5949
1169540
266149
32597
330153
65129
43137
43138
89957
1481888
403677
67593
695850
12968
1156394
2880
1284355
1317065
1317066
1317063
1317064
4792
112090
157072
944170
325452
114742
65357
478820
2483409
74557
1202772
2315210
4796
29920
542832
4779
4779
1027361
1027361
41045
41045
82926
82926
1485010
53985
129364
100861
4787
1714386
4784
53986
303371
4785
2496075
109152
112091
164328
230839
4803
2962635
2557542
2077276
1490495
1714387
1606542
1606541
722753
2962637
4793
3128534
3128537
3128533
3128536
3128535
4781
867726
622444
134698
2874970
162125
86335
52230
590727
145522
74381
2889
1745946
44431
35122
42384
2710872
559515
2185085
309737
420556
37642
876976
87111
622258
717989
88149
5741
412133
598745
658858
1394984
1144522
797122
5742
201153
135588
1746091
1746090
2049346
1915356
2654837
185431
347515
420245
435258
5762
5693
679716
5661
929439
85056
59799
429131
1416333
479712
71804
5679
223615
157538
5684
5694
75058
67003
85057
51637
630700
5698
83891
5763
5689
5663
1580590
2249476
2803181
2802991
2761500
5699
715481
5660
1008807
91374
653362
5680
5678
651832
5671
36881
1764295
1461544
46433
37360
126728
753081
