89957
1169540
312017
1172189
412030
423536
5888
5932
5949
266149
32597
330153
65129
43137
43138
1481888
46433
753081
37360
4779
230839
542832
2962637
1714386
1027361
52230
590727
145522
74381
2889
1745946
44431
35122
42384
2710872
2315210
303371
559515
2185085
309737
420556
37642
12968
695850
2880
403677
67593
876976
87111
622258
717989
88149
1156394
1284355
1317065
1317066
1317063
1317064
4792
112090
157072
944170
325452
114742
65357
478820
2483409
74557
1202772
4796
29920
41045
41045
82926
82926
1485010
53985
129364
100861
4787
4784
53986
4785
2496075
109152
164328
4803
2962635
2557542
2077276
1490495
1714387
1606542
1606541
722753
4793
3128534
3128537
3128533
3128536
3128535
4781
867726
622444
134698
2874970
162125
86335
5886
126728
641309
1928728
72520
4795
1093141
112091
